AGSOL_TRACE_V1
outer_iteration 2
inner_iteration 2
area_miss 5.37208
num_guards 11
guard 10 36
guard 21 21
guard 25 29
guard 36 18
guard 38 32
guard 22.7273 2
guard 16.4167 37
guard 2.4 9
guard 7 16
guard 16 26
guard 32 19
num_visibility 11
visibility_polygon 0
12
10 33
11 33
11 34
16 34
17 33.6667
17 39
16 39
14 38
6 38
8 37
8 36
10 36
visibility_polygon 1
10
21 21
25 21
25 29
23 25
19 25
19 15
15 3
17.8235 3
18 4
21 4
visibility_polygon 2
14
25 29
28 29
28 31
39 38.3333
39 40
34.1667 40
30 35
21 35
23 32
23 25
21 21
24 21
24 14
25 14
visibility_polygon 3
13
36 5
37 5
37 12
40 12
40 19
39 19
39 24
38 22
34 22
31 28
29 28
29 18
36 18
visibility_polygon 4
14
30 40
30 35
20 35
20 32
23 32
23 30.5
28 31
35 31
35 30
38 30
38 12
39.5385 12
39 19
39 40
visibility_polygon 5
9
22 1
27 1
27 2
26 2
26 8
21 8
18.9848 15
18 15
22 4
visibility_polygon 6
15
14 39
14 38
5 38
5 37
8 37
8 36
10 36
10 33.4462
11 34
16 34
16 27
15 3
17.3182 3
17 15
17 39
visibility_polygon 7
12
1 9
1 6
3 6
3 10
9 20
7 20
7 24
7.61333 26
6.28571 26
4 16
2 16
2 9
visibility_polygon 8
13
7 20
7 26
4 26
4 16
2 16
2 9
1 7.6
1 7
3 10
6 10
6 7
9 7
9 20
visibility_polygon 9
15
16 39
16 27
12 27
12 26
4 26
4 23.3333
7 24
13 24
13 23
15 23
15 3
18 3
18 4
17 15
17 39
visibility_polygon 10
16
33 18
36 18
40 17
40 19
39 19
39 22.5
38 22
34 22
34 28
29 28
29 17
31 17
31 13
32 13
32 11
33 11
num_uncovered 3
uncovered 0
4
17.4286 10.2857
18.5217 13.5652
18 15
17 15
num_holes 0
uncovered 1
3
18.9919 14.9756
19 15
18.9848 15
num_holes 0
uncovered 2
3
21 4
22 4
21 6.75
num_holes 0
