AGSOL_TRACE_V1
outer_iteration 1
inner_iteration 6
area_miss 1.63636
num_guards 12
guard 23 32
guard 10 36
guard 13 24
guard 18 4
guard 26 2
guard 24 21
guard 36 18
guard 38 32
guard 16.4167 37
guard 2.4 9
guard 7 16
guard 32 19
num_visibility 12
visibility_polygon 0
14
23 21
24 21
24.6364 14
25 14
25 29
28 29
28 31
35 31
39 30.6667
39 38.8571
30 35
20 35
20 32
23 32
visibility_polygon 1
12
10 33
11 33
11 34
16 34
17 33.6667
17 39
16 39
14 38
6 38
8 37
8 36
10 36
visibility_polygon 2
10
13 23
15 23
17 22
17 28
16 27
12 27
12 26
4 26
4 24
13 24
visibility_polygon 3
14
18 4
26 4
26 8
21 8
21 21
21.7059 25
19.9091 25
19 15
17 15
15.9091 27
14.3684 27
15 23
15 3
18 3
visibility_polygon 4
9
26 2
26 8
21 8
15 15.2
15 7.5
22 4
22 1
27 1
27 2
visibility_polygon 5
10
24 14
25 14
25 29
25.75 35
22.7273 35
23 32
23 25
19 25
19 21
24 21
visibility_polygon 6
13
36 5
37 5
37 12
40 12
40 19
39 19
39 24
38 22
34 22
31 28
29 28
29 18
36 18
visibility_polygon 7
14
30 40
30 35
20 35
20 32
23 32
23 30.5
28 31
35 31
35 30
38 30
38 12
39.5385 12
39 19
39 40
visibility_polygon 8
15
14 39
14 38
5 38
5 37
8 37
8 36
10 36
10 33.4462
11 34
16 34
16 27
15 3
17.3182 3
17 15
17 39
visibility_polygon 9
12
1 9
1 6
3 6
3 10
9 20
7 20
7 24
7.61333 26
6.28571 26
4 16
2 16
2 9
visibility_polygon 10
13
7 20
7 26
4 26
4 16
2 16
2 9
1 7.6
1 7
3 10
6 10
6 7
9 7
9 20
visibility_polygon 11
16
33 18
36 18
40 17
40 19
39 19
39 22.5
38 22
34 22
34 28
29 28
29 17
31 17
31 13
32 13
32 11
33 11
num_uncovered 1
uncovered 0
3
19 15
19.5455 21
19 21
num_holes 0
