AGSOL_TRACE_V1
outer_iteration 4
inner_iteration 1
area_miss 9.92114
num_guards 12
guard 10 36
guard 25 29
guard 36 18
guard 38 32
guard 16.4167 37
guard 2.4 9
guard 7 16
guard 15.8224 24.8692
guard 32 19
guard 22.7143 2
guard 23.3636 1
guard 19.0283 16.4933
num_visibility 12
visibility_polygon 0
12
10 33
11 33
11 34
16 34
17 33.6667
17 39
16 39
14 38
6 38
8 37
8 36
10 36
visibility_polygon 1
14
25 29
28 29
28 31
39 38.3333
39 40
34.1667 40
30 35
21 35
23 32
23 25
21 21
24 21
24 14
25 14
visibility_polygon 2
13
36 5
37 5
37 12
40 12
40 19
39 19
39 24
38 22
34 22
31 28
29 28
29 18
36 18
visibility_polygon 3
14
30 40
30 35
20 35
20 32
23 32
23 30.5
28 31
35 31
35 30
38 30
38 12
39.5385 12
39 19
39 40
visibility_polygon 4
15
14 39
14 38
5 38
5 37
8 37
8 36
10 36
10 33.4462
11 34
16 34
16 27
15 3
17.3182 3
17 15
17 39
visibility_polygon 5
12
1 9
1 6
3 6
3 10
9 20
7 20
7 24
7.61333 26
6.28571 26
4 16
2 16
2 9
visibility_polygon 6
13
7 20
7 26
4 26
4 16
2 16
2 9
1 7.6
1 7
3 10
6 10
6 7
9 7
9 20
visibility_polygon 7
15
16 27
12 27
12 26
4 26
4 23.7044
7 24
13 24
13 23
15 23
15 3
18 3
18 4
18.3125 4
17 15
17 39
visibility_polygon 8
16
33 18
36 18
40 17
40 19
39 19
39 22.5
38 22
34 22
34 28
29 28
29 17
31 17
31 13
32 13
32 11
33 11
visibility_polygon 9
9
22 1
27 1
27 2
26 2
26 8
21 8
19 15
18.0714 15
22 4
visibility_polygon 10
9
27 1
27 2
26 2
26 8
21 8
18.6364 15
17 15
22 4
22 1
visibility_polygon 11
7
18.7913 4
21.9286 4
21 8
21 21
22.75 25
19 25
19 15
num_uncovered 3
uncovered 0
4
18.3125 4
18.7913 4
18.9199 10.7763
17 15
num_holes 0
uncovered 1
3
21.9286 4
22 4
21.854 4.32117
num_holes 0
uncovered 2
3
21 21
23 25
22.75 25
num_holes 0
